1 0.000000 0.000026
2 33.333333 0.000011
3 71.428571 0.000007
4 85.714286 0.000006
5 73.333333 0.000013
6 60.000000 0.000018
7 53.333333 0.000019
8 53.333333 0.000021
9 83.870968 0.000022
10 83.870968 0.000024
11 80.645161 0.000026
12 70.967742 0.000033
13 74.193548 0.000030
14 77.419355 0.000031
15 80.645161 0.000040
16 74.193548 0.000025
17 82.539683 0.000036
18 80.952381 0.000043
19 85.714286 0.000029
20 79.365079 0.000033
21 85.714286 0.000033
22 84.126984 0.000031
23 80.952381 0.000050
24 80.952381 0.000033
25 74.603175 0.000040
26 76.190476 0.000040
27 76.190476 0.000040
28 76.190476 0.000041
29 77.777778 0.000038
30 77.777778 0.000058
31 73.015873 0.000045
32 73.015873 0.000044
33 85.826772 0.000071
34 87.401575 0.000064
35 86.614173 0.000053
36 87.401575 0.000053
37 85.826772 0.000054
38 85.826772 0.000055
39 85.039370 0.000056
40 86.614173 0.000054
41 85.826772 0.000055
42 84.251969 0.000058
43 83.464567 0.000115
44 83.464567 0.000059
45 84.251969 0.000059
46 82.677165 0.000062
47 83.464567 0.000060
48 84.251969 0.000060
49 82.677165 0.000064
50 85.039370 0.000060
51 82.677165 0.000067
52 82.677165 0.000060
53 83.464567 0.000084
54 82.677165 0.000060
55 81.889764 0.000059
56 81.102362 0.000061
57 83.464567 0.000058
58 82.677165 0.000060
59 81.102362 0.000063
60 81.889764 0.000063
61 78.740157 0.000064
62 79.527559 0.000066
63 81.889764 0.000061
64 79.527559 0.000065
65 89.803922 0.000083
66 89.803922 0.000080
67 89.019608 0.000103
68 89.411765 0.000099
69 89.019608 0.000102
70 89.411765 0.000100
71 88.235294 0.000098
72 89.019608 0.000096
73 88.627451 0.000177
74 88.235294 0.000097
75 87.843137 0.000097
76 89.411765 0.000095
77 87.843137 0.000097
78 87.450980 0.000151
79 88.235294 0.000097
80 87.843137 0.000098
81 88.235294 0.000100
82 87.843137 0.000104
83 87.843137 0.000213
84 87.843137 0.000110
85 88.627451 0.000099
86 86.666667 0.000105
87 87.450980 0.000117
88 87.450980 0.000103
89 86.666667 0.000107
90 86.274510 0.000125
91 86.666667 0.000121
92 88.235294 0.000102
93 86.274510 0.000109
94 86.666667 0.000112
95 87.843137 0.000110
96 85.882353 0.000112
97 86.666667 0.000139
98 85.882353 0.000113
99 85.882353 0.000113
100 85.490196 0.000158
101 85.490196 0.000158
102 85.882353 0.000120
103 86.666667 0.000119
104 86.274510 0.000123
105 84.705882 0.000147
106 84.705882 0.000127
107 84.705882 0.000136
108 85.098039 0.000129
109 84.313725 0.000127
110 85.098039 0.000125
111 85.098039 0.000125
112 84.705882 0.000126
113 83.921569 0.000129
114 83.529412 0.000132
115 84.705882 0.000124
116 83.529412 0.000133
117 83.921569 0.000133
118 83.921569 0.000131
119 83.921569 0.000134
120 83.137255 0.000133
121 83.529412 0.000133
122 83.529412 0.000131
123 83.921569 0.000129
124 83.137255 0.000135
125 84.313725 0.000134
126 83.529412 0.000137
127 83.529412 0.000159
128 81.568627 0.000141
129 91.585127 0.000170
130 90.998043 0.000173
131 91.389432 0.000170
132 90.998043 0.000169
133 90.802348 0.000212
134 91.780822 0.000198
135 90.998043 0.000168
136 90.998043 0.000206
137 90.802348 0.000225
138 90.998043 0.000230
139 90.606654 0.000214
140 91.780822 0.000204
141 90.606654 0.000212
142 90.802348 0.000211
143 90.802348 0.000262
144 90.410959 0.000209
145 90.410959 0.000212
146 90.410959 0.000238
147 90.410959 0.000211
148 90.606654 0.000213
149 90.215264 0.000263
150 91.193738 0.000629
151 90.410959 0.000222
152 90.606654 0.000228
153 90.019569 0.000221
154 90.606654 0.000220
155 90.215264 0.000277
156 90.802348 0.000220
157 89.823875 0.000224
158 89.432485 0.000227
159 89.823875 0.000223
160 90.215264 0.000221
161 90.019569 0.000292
162 89.823875 0.000224
163 89.823875 0.000226
164 89.823875 0.000233
165 89.432485 0.000231
166 89.628180 0.000281
167 90.019569 0.000227
168 89.628180 0.000228
169 89.628180 0.000244
170 89.432485 0.000232
171 89.236791 0.000270
172 88.845401 0.000259
173 89.823875 0.000235
174 89.236791 0.000239
175 89.236791 0.000271
176 89.432485 0.000226
177 89.432485 0.000234
178 89.041096 0.000247
179 88.258317 0.000248
180 88.649706 0.000242
181 89.041096 0.000244
182 89.041096 0.000238
183 88.454012 0.000242
184 88.258317 0.000243
185 89.236791 0.000237
186 89.236791 0.000237
187 88.454012 0.000241
188 88.649706 0.000241
189 87.866928 0.000245
190 88.454012 0.000245
191 88.845401 0.000246
192 88.258317 0.000248
193 88.454012 0.000280
194 88.062622 0.000245
195 88.258317 0.000245
196 88.649706 0.000239
197 88.258317 0.000243
198 88.258317 0.000243
199 88.062622 0.000244
200 88.258317 0.000263
201 88.454012 0.000244
202 87.671233 0.000265
203 88.454012 0.000312
204 88.062622 0.000287
205 87.671233 0.000263
206 87.279843 0.000264
207 88.062622 0.000304
208 87.279843 0.000275
209 87.866928 0.000285
210 87.279843 0.000270
211 87.475538 0.000337
212 87.671233 0.000267
213 86.888454 0.000268
214 87.279843 0.000272
215 88.062622 0.000287
216 87.475538 0.000336
217 87.084149 0.000276
218 87.084149 0.000275
219 87.084149 0.000290
220 86.888454 0.000274
221 87.671233 0.000284
222 87.279843 0.000322
223 87.084149 0.000332
224 87.084149 0.000276
225 86.692759 0.000300
226 86.692759 0.000273
227 87.084149 0.000284
228 87.475538 0.000276
229 86.888454 0.000316
230 86.888454 0.000284
231 86.692759 0.000278
232 87.279843 0.000317
233 86.692759 0.000288
234 86.301370 0.000304
235 86.105675 0.000295
236 86.692759 0.000282
237 85.714286 0.000303
238 87.279843 0.000284
239 86.105675 0.000308
240 86.692759 0.000287
241 86.301370 0.000335
242 85.909980 0.000301
243 86.692759 0.000290
244 86.105675 0.000287
245 86.105675 0.000319
246 86.301370 0.000297
247 85.714286 0.000296
248 86.105675 0.000295
249 85.714286 0.000334
250 86.105675 0.000297
251 85.714286 0.000307
252 85.518591 0.000316
253 84.735812 0.000304
254 85.909980 0.000308
255 84.931507 0.000311
256 85.518591 0.000315
257 93.059629 0.000437
258 92.766373 0.000371
259 92.570870 0.000384
260 92.766373 0.000369
261 92.668622 0.000380
262 92.570870 0.000388
263 92.864125 0.000387
264 92.766373 0.000395
265 92.766373 0.000384
266 92.473118 0.000550
267 92.668622 0.000384
268 92.766373 0.000376
269 92.668622 0.000464
270 92.570870 0.000454
271 92.570870 0.000458
272 92.668622 0.000449
273 92.277615 0.000467
274 92.277615 0.000536
275 92.668622 0.000517
276 92.375367 0.000483
277 92.179863 0.000559
278 92.277615 0.000530
279 91.788856 0.000470
280 92.277615 0.000467
281 92.375367 0.000538
282 92.277615 0.000541
283 91.984360 0.000481
284 92.277615 0.000459
285 92.277615 0.000459
286 92.375367 0.000461
287 92.570870 0.000467
288 91.886608 0.000558
289 92.375367 0.000517
290 91.984360 0.000540
291 91.886608 0.000504
292 91.984360 0.000488
293 92.082111 0.000519
294 91.788856 0.000513
295 91.886608 0.000490
296 91.886608 0.000507
297 91.788856 0.000494
298 91.691105 0.000494
299 91.984360 0.000494
300 91.691105 0.000555
301 91.984360 0.000491
302 91.984360 0.000547
303 91.593353 0.000481
304 91.593353 0.000578
305 91.788856 0.000492
306 91.593353 0.000499
307 91.495601 0.000489
308 91.495601 0.000496
309 91.593353 0.000514
310 91.691105 0.000473
311 91.397849 0.000492
312 91.593353 0.000497
313 91.788856 0.000484
314 91.397849 0.000487
315 91.104594 0.000548
316 91.300098 0.000507
317 91.397849 0.000586
318 91.593353 0.000542
319 91.495601 0.000596
320 91.495601 0.000520
321 91.691105 0.000517
322 91.300098 0.000588
323 91.593353 0.000497
324 91.300098 0.000585
325 91.104594 0.000516
326 91.104594 0.000539
327 91.104594 0.000575
328 91.104594 0.000533
329 91.104594 0.000513
330 91.104594 0.000507
331 91.006843 0.000514
332 90.713587 0.000547
333 91.202346 0.000511
334 91.104594 0.000529
335 91.202346 0.000536
336 91.104594 0.000537
337 91.104594 0.000610
338 91.495601 0.000512
339 90.909091 0.000541
340 90.811339 0.000531
341 91.104594 0.000562
342 91.104594 0.000587
343 90.615836 0.000532
344 90.909091 0.000517
345 91.104594 0.000547
346 91.300098 0.000528
347 90.909091 0.000646
348 91.104594 0.000611
349 90.909091 0.000542
350 91.006843 0.000540
351 90.518084 0.000601
352 90.322581 0.000683
353 91.006843 0.000541
354 90.713587 0.000593
355 90.518084 0.000552
356 90.811339 0.000537
357 90.322581 0.000553
358 90.322581 0.000540
359 90.713587 0.000559
360 90.322581 0.000692
361 90.224829 0.000537
362 90.615836 0.000643
363 90.322581 0.000654
364 90.518084 0.000606
365 90.322581 0.000610
366 90.322581 0.000660
367 90.224829 0.000543
368 90.224829 0.000558
369 90.224829 0.000660
370 90.127077 0.000547
371 90.127077 0.000598
372 90.615836 0.000534
373 90.420332 0.000548
374 90.518084 0.000610
375 90.127077 0.000605
376 90.420332 0.000736
377 90.224829 0.000570
378 90.322581 0.000688
379 90.322581 0.000643
380 90.127077 0.000552
381 90.420332 0.000586
382 90.420332 0.000569
383 90.224829 0.000557
384 90.127077 0.000682
385 89.833822 0.000632
386 90.224829 0.000567
387 89.931574 0.000571
388 90.029326 0.000595
389 90.322581 0.000653
390 89.931574 0.000585
391 89.736070 0.000583
392 89.442815 0.000621
393 89.931574 0.000605
394 89.931574 0.000586
395 90.029326 0.000583
396 89.833822 0.000599
397 89.442815 0.000656
398 89.931574 0.000701
399 89.638319 0.000665
400 89.638319 0.000623
401 89.540567 0.000624
402 89.540567 0.000607
403 89.540567 0.000663
404 89.638319 0.000614
405 89.833822 0.000663
406 89.540567 0.000606
407 89.638319 0.000605
408 89.540567 0.000592
409 89.736070 0.000612
410 89.638319 0.000681
411 89.442815 0.000606
412 89.931574 0.000668
413 89.247312 0.000708
414 89.638319 0.000686
415 89.149560 0.000595
416 89.051808 0.000718
417 89.051808 0.000618
418 89.638319 0.000668
419 89.345064 0.000617
420 89.051808 0.000723
421 89.345064 0.000683
422 88.954057 0.000641
423 89.051808 0.000630
424 89.638319 0.000625
425 89.638319 0.000674
426 89.345064 0.000612
427 88.660802 0.000765
428 88.856305 0.000609
429 88.660802 0.000701
430 88.856305 0.000696
431 89.345064 0.000688
432 88.660802 0.000690
433 89.247312 0.000624
434 88.660802 0.000626
435 88.856305 0.000628
436 88.954057 0.000633
437 89.247312 0.000619
438 88.758553 0.000620
439 88.954057 0.000652
440 88.758553 0.000665
441 88.758553 0.000636
442 88.563050 0.000744
443 88.856305 0.000786
444 88.563050 0.000794
445 88.563050 0.000688
446 88.367546 0.000633
447 88.563050 0.000670
448 88.465298 0.000670
449 88.563050 0.000696
450 88.856305 0.000632
451 88.954057 0.000668
452 88.367546 0.000643
453 88.856305 0.000708
454 88.954057 0.000625
455 88.758553 0.000696
456 88.758553 0.000680
457 88.563050 0.000634
458 88.856305 0.000632
459 88.563050 0.000838
460 88.465298 0.000686
461 88.563050 0.000662
462 88.563050 0.000800
463 88.074291 0.000663
464 88.758553 0.000676
465 88.367546 0.000769
466 88.465298 0.000668
467 88.465298 0.000662
468 88.172043 0.000775
469 88.465298 0.000745
470 88.660802 0.000674
471 87.976540 0.000792
472 88.367546 0.000686
473 87.976540 0.000779
474 88.367546 0.000663
475 88.465298 0.000787
476 87.976540 0.000862
477 88.367546 0.000762
478 87.878788 0.000688
479 88.172043 0.000657
480 88.269795 0.000909
481 87.976540 0.000681
482 87.976540 0.000780
483 87.878788 0.000703
484 87.878788 0.000680
485 88.074291 0.000698
486 88.074291 0.000744
487 87.976540 0.000749
488 87.683284 0.000673
489 87.781036 0.000752
490 87.585533 0.000664
491 88.074291 0.000706
492 87.781036 0.000669
493 87.878788 0.000691
494 88.172043 0.000738
495 87.292278 0.000952
496 87.194526 0.000839
497 87.976540 0.000716
498 87.487781 0.000710
499 87.487781 0.000754
500 87.487781 0.000836
501 87.194526 0.000719
502 87.194526 0.000708
503 87.487781 0.000727
504 87.585533 0.000733
505 87.683284 0.000738
506 87.096774 0.000704
507 87.585533 0.000705
508 87.096774 0.000717
509 87.292278 0.000796
510 87.194526 0.000780
511 87.390029 0.000809
512 87.292278 0.000726
513 93.795799 0.000871
514 93.600391 0.000948
515 93.649243 0.000916
516 93.551539 0.000955
517 93.649243 0.000935
518 93.551539 0.001060
519 93.649243 0.001014
520 93.600391 0.000932
521 93.746947 0.000899
522 93.551539 0.000858
523 93.453835 0.000938
524 93.502687 0.000987
525 93.551539 0.000889
526 93.404983 0.000933
527 93.746947 0.000926
528 93.649243 0.001228
529 93.600391 0.000873
530 93.307279 0.001225
531 93.600391 0.001155
532 93.160723 0.001092
533 93.746947 0.001253
534 93.404983 0.001166
535 93.453835 0.001113
536 93.307279 0.001030
537 93.209575 0.001250
538 93.209575 0.001113
539 93.551539 0.001057
540 93.404983 0.001012
541 93.209575 0.001165
542 93.307279 0.001246
543 93.356131 0.001189
544 93.502687 0.001217
545 93.356131 0.001221
546 93.356131 0.001055
547 93.209575 0.001213
548 93.502687 0.001198
549 93.356131 0.001222
550 93.063019 0.001274
551 93.404983 0.001335
552 93.111871 0.001256
553 93.209575 0.001127
554 92.769907 0.001137
555 93.356131 0.001212
556 93.014167 0.001180
557 93.209575 0.001222
558 93.209575 0.001089
559 93.502687 0.001188
560 93.209575 0.001073
561 93.307279 0.001226
562 93.063019 0.001283
563 93.404983 0.001078
564 93.258427 0.001221
565 93.356131 0.001175
566 92.916463 0.001292
567 93.063019 0.001276
568 92.965315 0.001168
569 93.063019 0.001046
570 92.965315 0.001251
571 93.209575 0.001209
572 92.965315 0.001253
573 93.307279 0.001185
574 93.014167 0.001335
575 93.111871 0.001279
576 92.916463 0.001139
577 93.307279 0.001092
578 92.818759 0.001230
579 92.721055 0.001324
580 92.867611 0.001174
581 92.916463 0.001096
582 93.160723 0.001245
583 92.867611 0.001288
584 92.965315 0.001219
585 92.916463 0.001170
586 93.014167 0.001179
587 93.063019 0.001174
588 92.818759 0.001214
589 93.209575 0.001083
590 93.063019 0.001100
591 92.721055 0.001229
592 92.965315 0.001178
593 92.818759 0.001101
594 92.672203 0.001409
595 92.672203 0.001144
596 92.818759 0.001223
597 92.769907 0.001189
598 92.818759 0.001129
599 92.525647 0.001316
600 92.818759 0.001260
601 92.574499 0.001120
602 92.672203 0.001248
603 92.916463 0.001238
604 92.867611 0.001224
605 92.672203 0.001227
606 92.818759 0.001283
607 92.721055 0.001256
608 92.721055 0.001174
609 92.427943 0.001118
610 92.281387 0.001269
611 92.672203 0.001344
612 92.427943 0.001141
613 92.818759 0.001155
614 92.574499 0.001121
615 92.623351 0.001240
616 92.476795 0.001228
617 92.281387 0.001345
618 92.574499 0.001127
619 92.818759 0.001125
620 92.672203 0.001268
621 92.330239 0.001206
622 92.721055 0.001285
623 92.281387 0.001129
624 92.574499 0.001262
625 92.672203 0.001230
626 92.574499 0.001359
627 92.721055 0.001084
628 92.476795 0.001358
629 92.525647 0.001174
630 92.916463 0.001366
631 92.574499 0.001222
632 92.379091 0.001335
633 92.476795 0.001392
634 92.232535 0.001134
635 92.427943 0.001275
636 92.574499 0.001235
637 92.525647 0.001294
638 92.281387 0.001144
639 92.330239 0.001412
640 92.476795 0.001138
641 92.281387 0.001115
642 92.623351 0.001129
643 92.672203 0.001251
644 92.134831 0.001429
645 92.867611 0.001413
646 92.330239 0.001313
647 92.672203 0.001262
648 92.085979 0.001150
649 92.281387 0.001201
650 92.281387 0.001339
651 92.134831 0.001269
652 92.574499 0.001230
653 92.330239 0.001463
654 92.427943 0.001292
655 92.134831 0.001437
656 91.988276 0.001428
657 92.281387 0.001335
658 92.330239 0.001282
659 92.037128 0.001243
660 92.232535 0.001251
661 92.134831 0.001318
662 92.183683 0.001232
663 92.085979 0.001350
664 92.330239 0.001313
665 92.037128 0.001215
666 92.232535 0.001179
667 92.232535 0.001254
668 92.427943 0.001294
669 91.988276 0.001255
670 92.134831 0.001204
671 92.134831 0.001459
672 92.037128 0.001224
673 92.232535 0.001368
674 92.037128 0.001172
675 91.988276 0.001206
676 91.646312 0.001319
677 91.939424 0.001265
678 92.330239 0.001354
679 92.134831 0.001255
680 92.085979 0.001299
681 92.037128 0.001224
682 91.841720 0.001391
683 91.890572 0.001269
684 91.939424 0.001411
685 91.890572 0.001643
686 91.988276 0.001201
687 92.134831 0.001437
688 91.744016 0.001299
689 91.744016 0.001319
690 91.841720 0.001409
691 91.695164 0.001262
692 91.646312 0.001441
693 91.988276 0.001218
694 92.085979 0.001500
695 91.988276 0.001346
696 91.744016 0.001466
697 91.939424 0.001247
698 91.744016 0.001395
699 91.695164 0.001429
700 91.499756 0.001316
701 92.085979 0.001276
702 91.597460 0.001237
703 91.646312 0.001319
704 91.597460 0.001380
705 91.792868 0.001195
706 91.548608 0.001298
707 91.988276 0.001368
708 91.597460 0.001469
709 91.695164 0.001340
710 91.695164 0.001373
711 91.499756 0.001337
712 91.646312 0.001411
713 91.744016 0.001247
714 91.646312 0.001685
715 91.353200 0.001382
716 91.597460 0.001543
717 91.841720 0.001298
718 91.646312 0.001371
719 91.890572 0.001404
720 91.792868 0.001376
721 91.744016 0.001505
722 91.744016 0.001200
723 91.695164 0.001415
724 91.499756 0.001513
725 91.402052 0.001454
726 91.402052 0.001576
727 91.646312 0.001432
728 91.548608 0.001345
729 91.695164 0.001388
730 91.450904 0.001477
731 91.450904 0.001398
732 91.695164 0.001357
733 91.402052 0.001295
734 91.744016 0.001435
735 91.353200 0.001394
736 91.597460 0.001358
737 91.450904 0.001453
738 91.499756 0.001392
739 91.646312 0.001349
740 91.304348 0.001878
741 91.548608 0.001423
742 91.060088 0.001465
743 91.450904 0.001577
744 91.353200 0.001439
745 91.499756 0.001379
746 91.499756 0.001268
747 91.402052 0.001752
748 91.157792 0.001450
749 91.353200 0.001282
750 91.255496 0.001427
751 91.499756 0.001295
752 91.353200 0.001473
753 91.402052 0.001384
754 91.206644 0.001537
755 91.304348 0.001480
756 90.815828 0.001284
757 91.108940 0.001297
758 90.962384 0.001397
759 91.206644 0.001426
760 91.011236 0.001454
761 91.108940 0.001296
762 91.255496 0.001437
763 91.353200 0.001347
764 91.206644 0.001458
765 91.108940 0.001426
766 90.669272 0.001328
767 91.304348 0.001549
768 91.157792 0.001388
769 91.304348 0.001446
770 91.255496 0.001548
771 91.157792 0.001524
772 91.060088 0.001850
773 91.011236 0.001321
774 91.011236 0.001286
775 91.157792 0.001483
776 91.011236 0.001370
777 91.157792 0.001459
778 90.962384 0.001435
779 90.669272 0.001323
780 91.206644 0.001565
781 91.108940 0.001305
782 91.157792 0.001306
783 90.766976 0.001387
784 90.766976 0.001370
785 91.011236 0.001255
786 90.962384 0.001464
787 91.011236 0.001329
788 90.962384 0.001348
789 90.962384 0.001492
790 90.815828 0.001383
791 90.913532 0.001347
792 90.718124 0.001294
793 90.766976 0.001392
794 90.815828 0.001595
795 90.669272 0.001429
796 90.620420 0.001457
797 91.060088 0.001393
798 91.108940 0.001595
799 90.864680 0.001490
800 90.864680 0.001643
801 91.011236 0.001623
802 91.060088 0.001509
803 90.766976 0.001457
804 90.522716 0.001510
805 90.718124 0.001543
806 91.255496 0.001351
807 90.815828 0.001542
808 90.669272 0.001405
809 90.913532 0.001547
810 90.425012 0.001494
811 90.522716 0.001424
812 90.571568 0.001533
813 90.669272 0.001600
814 90.718124 0.001683
815 90.962384 0.001585
816 90.718124 0.001454
817 90.620420 0.001652
818 90.718124 0.001423
819 90.425012 0.001527
820 90.425012 0.001588
821 90.669272 0.001567
822 90.425012 0.001547
823 90.425012 0.001588
824 90.620420 0.001596
825 90.766976 0.001603
826 90.766976 0.001511
827 90.376160 0.001442
828 90.327308 0.001504
829 90.425012 0.001527
830 90.815828 0.001635
831 90.669272 0.001588
832 90.473864 0.001553
833 90.425012 0.001692
834 90.376160 0.001473
835 90.522716 0.001422
836 90.766976 0.001522
837 90.522716 0.001617
838 89.985344 0.001573
839 90.180752 0.001580
840 90.376160 0.001458
841 90.278456 0.001716
842 90.229604 0.001447
843 90.425012 0.001638
844 90.425012 0.001585
845 90.327308 0.001609
846 90.278456 0.001398
847 90.425012 0.001654
848 90.376160 0.001552
849 90.327308 0.001444
850 90.278456 0.001759
851 90.571568 0.001608
852 89.985344 0.001474
853 90.131900 0.001670
854 90.083048 0.001767
855 90.425012 0.001685
856 90.278456 0.001592
857 90.180752 0.001772
858 90.327308 0.001635
859 90.229604 0.001702
860 90.473864 0.001640
861 90.327308 0.001583
862 90.327308 0.001628
863 90.669272 0.001544
864 90.229604 0.001615
865 90.376160 0.001643
866 90.034196 0.001591
867 90.229604 0.001734
868 89.985344 0.001638
869 90.180752 0.001669
870 90.327308 0.001824
871 90.376160 0.001681
872 90.327308 0.001627
873 90.425012 0.001639
874 89.887640 0.001567
875 90.180752 0.001692
876 90.180752 0.001580
877 89.838788 0.002106
878 90.034196 0.001794
879 90.180752 0.001757
880 90.083048 0.001666
881 89.789936 0.001698
882 89.936492 0.001581
883 90.131900 0.001632
884 90.327308 0.001578
885 90.034196 0.001715
886 89.838788 0.001623
887 89.985344 0.001643
888 89.985344 0.001674
889 90.034196 0.001522
890 89.985344 0.001704
891 90.034196 0.001716
892 90.131900 0.001695
893 90.034196 0.001847
894 89.692233 0.002046
895 89.545677 0.001594
896 90.083048 0.001908
897 89.985344 0.001673
898 89.692233 0.001758
899 89.496825 0.001530
900 89.887640 0.001715
901 89.741085 0.001595
902 89.985344 0.001783
903 90.180752 0.001662
904 89.838788 0.001646
905 89.838788 0.001514
906 90.034196 0.001593
907 89.496825 0.001647
908 89.838788 0.001927
909 89.985344 0.001817
910 89.789936 0.001731
911 89.252565 0.001536
912 89.496825 0.001662
913 89.692233 0.001635
914 89.789936 0.001464
915 89.594529 0.001513
916 89.496825 0.001702
917 89.594529 0.001602
918 89.594529 0.001709
919 89.887640 0.001815
920 89.692233 0.001664
921 89.692233 0.001625
922 89.545677 0.001682
923 89.741085 0.001649
924 89.936492 0.001567
925 89.692233 0.001613
926 89.692233 0.001872
927 89.399121 0.001739
928 89.350269 0.001818
929 89.545677 0.001606
930 89.594529 0.001734
931 89.643381 0.001794
932 89.252565 0.001688
933 89.545677 0.001829
934 89.643381 0.001788
935 89.350269 0.001712
936 89.545677 0.001732
937 89.496825 0.001675
938 89.350269 0.001573
939 89.203713 0.001656
940 89.399121 0.001713
941 89.936492 0.001903
942 89.447973 0.001747
943 89.399121 0.001696
944 89.643381 0.001923
945 89.399121 0.001674
946 89.447973 0.001825
947 89.399121 0.001602
948 89.399121 0.001662
949 89.447973 0.001710
950 89.154861 0.001640
951 89.399121 0.001525
952 89.496825 0.001651
953 89.008305 0.001807
954 89.154861 0.001627
955 89.301417 0.001677
956 89.106009 0.001849
957 89.106009 0.001784
958 89.545677 0.001759
959 89.252565 0.001826
960 89.057157 0.001795
961 89.399121 0.001737
962 89.154861 0.001746
963 89.252565 0.001863
964 89.203713 0.001844
965 88.959453 0.001990
966 89.350269 0.001585
967 89.301417 0.001779
968 89.252565 0.001715
969 89.057157 0.001748
970 89.154861 0.001760
971 89.301417 0.001582
972 88.715193 0.001668
973 89.057157 0.001814
974 89.106009 0.001796
975 89.692233 0.001599
976 89.106009 0.001805
977 88.812897 0.001866
978 89.057157 0.001831
979 88.959453 0.001831
980 89.203713 0.001804
981 89.106009 0.001668
982 89.203713 0.001674
983 89.106009 0.001797
984 89.203713 0.001868
985 88.812897 0.001830
986 89.203713 0.001797
987 88.910601 0.001795
988 89.057157 0.001808
989 88.861749 0.001841
990 88.861749 0.001785
991 89.008305 0.001808
992 89.057157 0.001951
993 88.910601 0.001702
994 88.568637 0.001622
995 89.154861 0.001885
996 88.861749 0.001743
997 88.861749 0.001719
998 88.568637 0.001744
999 88.861749 0.001762
1000 89.008305 0.001746
1001 88.617489 0.001686
1002 88.519785 0.001929
1003 88.861749 0.001801
1004 88.812897 0.001840
1005 89.057157 0.001806
1006 88.715193 0.001999
1007 88.568637 0.001574
1008 88.861749 0.001838
1009 88.861749 0.001873
1010 88.812897 0.001831
1011 88.666341 0.001749
1012 89.057157 0.001817
1013 89.057157 0.001825
1014 88.910601 0.001915
1015 88.666341 0.001830
1016 88.764045 0.001897
1017 88.812897 0.001868
1018 88.812897 0.001584
1019 88.812897 0.001803
1020 88.812897 0.001699
1021 88.373229 0.002005
1022 88.519785 0.001852
1023 89.008305 0.001835
1024 88.422081 0.001804
1025 94.334554 0.002244
1026 94.310134 0.002412
1027 94.456654 0.002138
1028 94.163614 0.002179
1029 94.578755 0.002284
1030 94.212454 0.002222
1031 94.383394 0.002240
1032 94.310134 0.002292
1033 94.236874 0.002330
1034 94.334554 0.002158
1035 94.090354 0.002256
1036 94.261294 0.002301
1037 94.212454 0.002155
1038 94.383394 0.002320
1039 94.310134 0.002190
